supervisors: 0.6606013178825378
superintendent: 0.6489807963371277
clerk: 0.61784428358078
assistant: 0.6175392866134644
sheriff: 0.6137221455574036
attorney: 0.5819944739341736
dispatcher: 0.5770288705825806
administrator: 0.5752120018005371
officer: 0.5700191259384155
director: 0.5548444390296936
employee: 0.551179826259613
resident: 0.5399082899093628
inspector: 0.5379414558410645
yaroslavsky: 0.5349224805831909
technician: 0.5333248972892761
linda: 0.5324617028236389
office: 0.5281747579574585
carolyn: 0.5270885229110718
staff: 0.5266695618629456
department: 0.5232235789299011
controller: 0.5211331844329834
kathleen: 0.5204859375953674
bureau: 0.514339029788971
consultant: 0.51420658826828
registrar: 0.5094111561775208
worker: 0.5080893635749817
investigator: 0.5077781081199646
congressman: 0.5063545107841492
spokeswoman: 0.5054900050163269
board: 0.5047962069511414
mayor: 0.5034007430076599
colleague: 0.5009688138961792
staffer: 0.4975246489048004
antonovich: 0.496928870677948
coordinator: 0.4964226484298706
county: 0.4958212971687317
judy: 0.493697851896286
zev: 0.49248313903808594
teacher: 0.4913581907749176
counselor: 0.4913453161716461
commissioner: 0.4911419451236725
executive: 0.49097055196762085
nurse: 0.49015024304389954
manager: 0.4886164963245392
carol: 0.4883382320404053
firefighter: 0.48783767223358154
supervising: 0.4873151481151581
hired: 0.4868552088737488
angeles: 0.4865466058254242
barbara: 0.48603272438049316
