working: 0.8650063872337341
done: 0.8166770935058594
worked: 0.7942132949829102
well: 0.7921375632286072
doing: 0.786616861820221
better: 0.7846519947052002
now: 0.7730192542076111
time: 0.7715151309967041
for: 0.770404577255249
way: 0.7699693441390991
so: 0.7686325907707214
he: 0.7613922953605652
how: 0.7584519982337952
even: 0.7575931549072266
take: 0.7574294209480286
jobs: 0.7566024661064148
need: 0.7561059594154358
good: 0.7541071772575378
make: 0.7540678381919861
this: 0.7522794008255005
what: 0.7508251667022705
but: 0.7503587007522583
because: 0.7495868802070618
making: 0.7492225170135498
as: 0.742258608341217
we: 0.7407436966896057
things: 0.7388891577720642
come: 0.7385814785957336
rather: 0.7384795546531677
going: 0.7379703521728516
get: 0.7355994582176208
much: 0.7354791760444641
business: 0.7327671647071838
not: 0.7323998212814331
yet: 0.7303451299667358
own: 0.7301125526428223
still: 0.7300450801849365
n't: 0.7293944954872131
would: 0.7292254567146301
though: 0.7290213704109192
help: 0.7288322448730469
put: 0.728316068649292
years: 0.7281007766723633
find: 0.7277248501777649
experience: 0.7266506552696228
difficult: 0.7258014678955078
works: 0.7235388159751892
there: 0.7235031127929688
needs: 0.7232130169868469
enough: 0.7231829762458801
